198
00000010111100001000101011000010
00000010000010001111110111000010
00100010001100100110111100101111
00100001000100100100110100101110
00100010000111110010101100101101
00100010000111110000100100101101
00100010010100010110011100101100
00100011111100010100010100101011
01000000000000000000100001100100
00110100000000000100111000101100
00100100000000000001001111110101
00011000000000000101100110111101
00001000000000000001111110000101
11111000000000000110010101001101
11101100000000000010101100010101
11011100000000000111000011011110
11010000000000000011011010100110
11000000000000000111110001101110
10110000000000000100001000110110
00000010010100001111110000100000
00000010010010001000111111100000
00000011111101111111101010100000
00000010001100001000010100100000
00000010001101111000011111100000
00000010111100100100001001100000
00000010000100101000010100100100
00000010001101111000111110100101
00000001000111110100001001100101
00000011111100011000010100100111
00000010001010000100010010100111
00000010010100010100001001000000
00000011111101111011100001000010
00000011111010001000111110000010
00100010000010000011000000001000
00100010111100000010111100011001
00100010111100100000110100011000
00100010001100100110101100011000
00100001000101110100100100010111
00100001000101110010011100010110
10000100000000000111101110100010
01110100000000000100000101101010
01101000000000000000011100110010
01011000000000000100110011111010
01001100000000000001001011000010
00111100000000000101100010001010
00101100000000000001111001010011
00100000000000000110010000011011
00010000000000000010100111100011
00000100000000000110111110101011
00000010000100100100011010100000
00000010010100010100011100100000
00000010001100001001001000100000
00000011111100011001010001100000
00000001000100011111101110100000
00000010010010001011100110100000
00000011111100011001000011100000
00000010001100000100011100100100
00000010001100101011100110100101
00000010010100011001000111100101
00000010000101110100011011100111
00000010000101111011100110000000
00000001000100001111110000000000
00000010001010001001000010000010
00100010000100010101010100000101
00100010010010000011001100000100
00100010111010000001000100000100
00100011111111110110111100000011
00100010001111110100110100000010
00100010111100100010101100000010
11010100000000000010100100010111
11000100000000000110111011011111
10111000000000000011010010100111
10101000000000000111101001101111
10011100000000000100000000110111
10001100000000000000011000000000
10000000000000000100101111001000
01110000000000000001000110010000
01100000000000000101011101011000
01010100000000000001110100100000
01000100000000000110001011101000
00000010001101111000011011100000
00000010001101111001000100100000
00000001000101110100001111100000
00000010000101111000011111100000
00000010001010001000011101100000
00000001000100010100001110100000
00000011111101111000000011100100
00000011111010001000000011100100
00000010010111111000101110100101
00000010111111111011111001100111
00000011111100011111100011100111
00000010001100101000101110000000
00000001000101111011111000000010
00000011111100001111101111000010
00100010000100000011011011110000
00100001000100000001010011101111
00100001000100000111001011101110
00100011111010000101000011101110
00100010010010000010111011101101
00100010010111110000110011101100
00011000000000000001110001010100
00001000000000000110001000011100
11111000000000000010011111100100
11101100000000000110110110101101
11011100000000000011001101110101
11010000000000000111100100111101
11000000000000000011111100000101
10110100000000000000010011001101
10100100000000000100101010010101
10010100000000000001000001011110
10001000000000000101011000100110
00000010001010001000011100100000
00000010010100011011101100100000
00000010001100001111101001100000
00000010000010001000100001100000
00000010111111111001001000100000
00000001000100001000010110100000
00000010001111111011101011100100
00000010000100101011111011100101
00000010010100001111110001100101
00000001000100011111101000100111
00000010010101111011111011000000
00000010010111111111110110000000
00000010111100011000100000000010
00100010111100010011101011011011
00100001000010000010101011010101
00100010111100010101001100100000
00100010111100000101010011011001
00100001000101110011100000011110
00100010010100000001000011011000
00100001000100100110111011010111
01011000000000000000111110010001
01001100000000000101010101011010
00111100000000000001101100100010
00101100000000000110000011101010
00100000000000000010011010110010
00010000000000000110110001111010
00000100000000000011001001000010
11110100000000000111100000001011
11101000000000000011110111010011
11011000000000000000001110011011
00000011111101110100000110100000
00000010000100101000001001100000
00000010010101111000110100100000
00000011111100100100001010100000
00000011111100011000001001100000
00000010001101111000001110100000
00000010111010001001011110100100
00000010111010001011101000100100
00000010001111111000110011100101
00000001000100001001011110100111
00000001000100001011101000100111
00000010000100101111110011000000
00000010010010001001000001000000
00000001000101111011101000000010
00100011111111110001110011000110
00100010001100010111101011000101
00100010010100010101100011000100
00100010111010000011011011000100
00100010001010000001010011000011
00100010001111110111001011000010
10101000000000000011110100000111
10011100000000000000001011001111
10001100000000000100100010010111
10000000000000000000111001011111
01110000000000000101010000100111
01100100000000000001100111101111
01010100000000000101111110111000
01000100000000000010010110000000
00111000000000000110101101001000
00101000000000000011000100010000
00011100000000000111011011011000
00000010111100011000100110100000
00000010000100101001011101100000
00000001000101111001010100100000
00000011111100011000101010100000
00000010000101111001010001100000
00000010111111110100010111100000
00000010111100001111100110100100
00000010001100101000100101100100
00000001000101111001011100100101
00000010111010001111100101100111
00000010111100001000101001100111
00000010000111111011111011000000
00000001000111111111100101000010
00000001000100101000010000000010
00100010010101110100010010011010
00100010010101110101110010110000
00100010010101110011101010101111
00100011111100000001100010101111
00100010001100010111011010101110
00100010010010000101010010101101
11101100000000000011000001000100
11011100000000000111011000001100
11010000000000000011101111010100
11000000000000000000000110011100
10110100000000000100011101100101
10100100000000000000110100101101
