0     0     0     0     0     0     0
0     0     0     0     0     0     0
0     0 28463     0     0     0     0
0     0 19758     0     0     0     0
0     0 19758     0     0 11053     0
0     0 19758     0     0  2349     0
0 46170 19758     0     0  2349     0
0 20056 19758     0     0  2349     0
1 20056 19758     0     0  2349     0
1 20056 19758     0     0  2349     0
1 20056 19758     0     0  2349     0
1 20056 19758     0     0  2349     0
1 20056 19758     0     0  2349     0
1 20056 19758     0     0  2349     0
1 20056 19758     0     0  2349     0
1 20056 19758     0     0  2349     0
1 20056 19758     0     0  2349     0
1 20056 19758     0     0  2349     0
1 20056 19758     0     0  2349     0
0 20056 19758     0     0 19758     0
0 19758 19758     0     0 19758     0
0 19758 19758     0     0 19758     0
0 19758 19758     0     0 19758 19758
0 19758 19758     0     0 19758 19758
0 19758 19758 19758     0 19758 19758
0 19758 19758 19758     0 19758 19758
0 19758 19758 19758     0 19758 19758
0 19758 19758 19758     0 19758 19758
0 19758 19758 19758     0 19758 45777
0 19758 19758 45777     0 19758 45777
0 19758 19758 23552     0 19758 45777
0 19758 19758 23552     0 19758 45777
0     0 19758 23552     0 19758 45777
0     0 19758 58073     0 19758 45777
0     0 19758 58073     0 19758 12057
0     0  3352 58073     0 19758 12057
0     0 27416 58073     0 19758 12057
0     0 27416 58073 11248 19758 12057
0     0 27416 58073  2543 19758 12057
1     0 27416 58073  2543 19758 12057
1     0 27416 58073  2543 19758 12057
1     0 27416 58073  2543 19758 12057
1     0 27416 58073  2543 19758 12057
1     0 27416 58073  2543 19758 12057
1     0 27416 58073  2543 19758 12057
1     0 27416 58073  2543 19758 12057
1     0 27416 58073  2543 19758 12057
1     0 27416 58073  2543 19758 12057
1     0 27416 58073  2543 19758 12057
0     0 27416 39473  2543 19758 12057
0     0 27416 27416  2543 19758 12057
0     0 12057 27416  2543 19758 12057
0     0 19758 27416  2543 19758 12057
0     0 19758 27416  2543 27416 12057
0     0 19758 27416 47174 27416 12057
0     0 27416 27416 47174 27416 12057
0     0 27416     0 47174 27416 12057
0     0 27416     0 27416 27416 12057
0     0 27416     0 27416 27416 12057
0     0 27416 37094 27416 27416 12057
0     0 27416 37094 50688 27416 12057
0     0 27416 37094 50688     0 12057
0     0  9273 37094 50688     0 12057
0 33822  9273 37094 50688     0 12057
0 33822  9273 22333 50688     0 12057
0 33822  9273 55044 50688     0 12057
0 33822  9273 55044 50688 28419 12057
0 33822  9273 55044 50688 53536 12057
0 33822 61698 55044 50688 53536 12057
1 33822 61698 55044 50688 53536 12057
1 33822 61698 55044 50688 53536 12057
1 33822 61698 55044 50688 53536 12057
1 33822 61698 55044 50688 53536 12057
1 33822 61698 55044 50688 53536 12057
1 33822 61698 55044 50688 53536 12057
1 33822 61698 55044 50688 53536 12057
1 33822 61698 55044 50688 53536 12057
1 33822 61698 55044 50688 53536 12057
1 33822 61698 55044 50688 53536 12057
1 33822 61698 55044 50688 53536 12057
0 33822 61698 55044 50688 53536 18974
0 33822 18974 55044 50688 53536 18974
0 33822 18974 40196 50688 53536 18974
0 33822 18974 40196 50688 53536  4126
0 33822 18974 40196 50688 53536  8482
0 33822 18974  8482 50688 53536  8482
0 33822 18974  8482 50688 53536 49152
0 33822 18974  8482 50688 53536   288
0 56126 18974  8482 50688 53536   288
0 56126 18974  8482 10463 53536   288
0 56126 18974  8482 10463  9409   288
0 32768 18974  8482 10463  9409   288
0 32768 18974  8482     0  9409   288
0 32768 18974  8482     0     0   288
0 32768 18974  8482     0     0 14352
0 32768 18974  8482     0     0 13841
0 32768 18974  8482     0     0 37904
0 32768 18974 20718     0     0 37904
0 32768 18974 30987     0     0 37904
0 32768 18974 30987     0 22282 37904
1 32768 18974 30987     0 22282 37904
1 32768 18974 30987     0 22282 37904
1 32768 18974 30987     0 22282 37904
1 32768 18974 30987     0 22282 37904
1 32768 18974 30987     0 22282 37904
1 32768 18974 30987     0 22282 37904
1 32768 18974 30987     0 22282 37904
1 32768 18974 30987     0 22282 37904
1 32768 18974 30987     0 22282 37904
1 32768 18974 30987     0 22282 37904
1 32768 18974 30987     0 22282 37904
0 32768 18974 30987     0 22282 63755
0 32768 18974 30987 51742 22282 63755
0 32768 18974 30987 51742 30987 63755
0 29206 18974 30987 51742 30987 63755
0 29206 17193 30987 51742 30987 63755
0 29206 17193 30987 51742 30987 29206
0 29206 17193 30987 28674 30987 29206
0 29206 17193 30987 29503 30987 29206
0 29206 17193 30987 29503 29503 29206
0 29206 17193 30987 29503 34016 29206
0 29206 17193 30987     0 34016 29206
0 29206 17193 30987     0     0 29206
0 29206 17193 30987     0     0 29206
0 15067 17193 30987     0     0 29206
0 15067 17193 41952     0     0 29206
0 21280 17193 41952     0     0 29206
0 21280 17193 41952     0     0 21721
0 21280 17193 41952 56318     0 21721
0 21280 17193 41952 56318     0 21505
0 21280  4791 41952 56318     0 21505
1 21280  4791 41952 56318     0 21505
1 21280  4791 41952 56318     0 21505
1 21280  4791 41952 56318     0 21505
1 21280  4791 41952 56318     0 21505
1 21280  4791 41952 56318     0 21505
1 21280  4791 41952 56318     0 21505
1 21280  4791 41952 56318     0 21505
1 21280  4791 41952 56318     0 21505
1 21280  4791 41952 56318     0 21505
1 21280  4791 41952 56318     0 21505
0 21280  4791 56318 56318     0 21505
0 21280  4791 56318 56318     0 26296
0 61109  4791 56318 56318     0 26296
0 61109  4791  4791 56318     0 26296
0 61109  4791  4791 56318     0 61109
0 61109  4791  4791 56318     0 51891
0 61109  4790  4791 56318     0 51891
0 61109  4790  4791  4790     0 51891
0 61109  4790  4791  4790     0 51891
0 61109  9544  4791  4790     0 51891
0 61109  9544  4791  9544     0 51891
0 61109  9544  4791  9544     0 51891
0 61109  9582  4791  9544     0 51891
0 61109  9582  4791    37     0 51891
0 61109  9582  4791    37  7366 51891
0 27002  9582  4791    37  7366 51891
0 32306  9582  4791    37  7366 51891
0 32306  9582 14057    37  7366 51891
0 32306  9582 37621    37  7366 51891
0 32306  9582 37621    37 61684 51891
1 32306  9582 37621    37 61684 51891
1 32306  9582 37621    37 61684 51891
1 32306  9582 37621    37 61684 51891
1 32306  9582 37621    37 61684 51891
1 32306  9582 37621    37 61684 51891
1 32306  9582 37621    37 61684 51891
1 32306  9582 37621    37 61684 51891
1 32306  9582 37621    37 61684 51891
1 32306  9582 37621    37 61684 51891
1 32306  9582 37621    37 61684 51891
1 32306  9582 37621    37 61684 51891
0 32343  9582 37621    37 61684 51891
0 32343 61473 37621    37 61684 51891
0 32343 37658 37621    37 61684 51891
0 28491 37658 37621    37 61684 51891
0 28491 51928 37621    37 61684 51891
0 28491 51928 61721    37 61684 51891
0 28491 51928 61721    37    33 51891
0 19016 51928 61721    37    33 51891
0 19016 61757 61721    37    33 51891
0 19016 61757 61721    37  3778 51891
0 13640 61757 61721    37  3778 51891
0 13640 61757 61721     0  3778 51891
0 13640 61757 61721     0   118 51891
0 13640 61757 61721     0   118     0
0 13640 61757 61721 13783   118     0
0 13640 61757 61721 19949   118     0
0 13640 61757 61721 11244   118     0
0 13640 61757 61721 11244   118  6437
0 44022 61757 61721 11244   118  6437
0 44022 61757 17898 11244   118  6437
1 44022 61757 17898 11244   118  6437
1 44022 61757 17898 11244   118  6437
1 44022 61757 17898 11244   118  6437
1 44022 61757 17898 11244   118  6437
1 44022 61757 17898 11244   118  6437
1 44022 61757 17898 11244   118  6437
